0	1	1	4.800994	514	395	91,	470	443	87
1	1	2	1.787430	216	510	274,	236	482	282
2	1	3	0.438831	737	235	28,	749	226	25
3	1	4	0.615893	881	119	0,	885	114	1
4	1	5	0.178057	540	391	69,	547	382	71
5	1	6	0.673029	734	244	22,	747	235	18
6	1	7	0.830469	771	218	11,	759	226	15
7	1	8	0.296919	415	466	119,	412	461	127
8	1	9	0.900915	385	469	146,	369	472	159
9	1	10	0.209708	367	470	163,	364	479	157
10	1	11	1.008118	899	98	3,	887	108	5
11	1	12	1.937848	869	127	4,	848	146	6
12	1	13	3.724219	510	401	89,	509	424	67
13	1	14	5.144987	273	494	233,	313	486	201
14	1	15	0.467823	552	377	71,	558	365	77
15	1	16	1.838364	951	49	0,	942	56	2
16	1	17	1.215121	659	298	43,	652	313	35
17	1	18	0.221080	802	190	8,	802	188	10
18	1	19	1.773500	401	475	124,	387	469	144
19	1	20	1.418313	673	294	33,	682	277	41
20	1	21	0.452223	406	478	116,	395	493	112
21	1	22	0.904390	312	489	199,	329	485	186
22	1	23	0.505394	615	335	50,	612	344	44
23	1	24	0.458963	847	145	8,	856	135	9
24	1	25	6.897040	377	448	175,	347	505	148
25	1	26	2.593592	629	317	54,	633	328	39
26	1	27	5.562846	516	412	72,	489	410	101
27	1	28	0.177144	825	169	6,	832	162	6
28	1	29	3.910518	810	185	5,	791	196	13
29	1	30	2.385958	868	128	4,	852	139	9
30	1	31	1.795809	229	482	289,	249	485	266
31	1	32	3.956455	289	499	212,	328	482	190
32	1	33	5.080686	775	216	9,	809	178	13
33	1	34	3.840793	846	148	6,	871	120	9
34	1	35	0.776862	777	216	7,	793	200	7
35	1	36	3.639055	666	292	42,	703	265	32
36	1	37	0.747997	986	14	0,	981	19	0
37	1	38	1.218119	684	291	25,	672	295	33
38	1	39	2.240852	556	377	67,	587	356	57
39	1	40	0.853837	403	475	122,	407	459	134
40	1	41	1.139988	776	209	15,	794	190	16
41	1	42	1.434431	363	475	162,	358	460	182
42	1	43	0.248277	501	409	90,	490	417	93
43	1	44	2.136796	524	403	73,	497	416	87
44	1	45	0.562464	374	459	167,	358	469	173
45	1	46	2.229760	669	299	32,	646	311	43
46	1	47	0.537489	470	432	98,	454	447	99
47	1	48	1.965687	207	485	308,	233	469	298
48	1	49	4.024732	278	494	228,	239	516	245
49	1	50	3.466186	829	163	8,	827	171	2
50	1	51	0.506209	945	54	1,	952	47	1
51	1	52	1.581693	316	508	176,	332	480	188
52	1	53	4.176684	410	470	120,	381	470	149
53	1	54	0.287594	496	418	86,	508	408	84
54	1	55	2.406285	431	448	121,	464	428	108
55	1	56	7.255018	830	164	6,	796	187	17
56	1	57	1.998466	185	500	315,	189	470	341
57	1	58	1.835221	226	495	279,	228	468	304
58	1	59	0.874081	724	254	22,	727	245	28
59	1	60	2.321784	464	436	100,	447	432	121
60	1	61	8.332467	736	250	14,	785	197	18
61	1	62	1.174659	411	454	135,	434	432	134
62	1	63	5.412891	570	382	48,	599	338	63
63	1	64	0.957660	850	140	10,	852	142	6
64	1	65	1.191681	500	403	97,	507	410	83
65	1	66	2.164219	452	445	103,	455	423	122
66	1	67	1.385946	790	196	14,	774	215	11
67	1	68	4.912460	480	448	72,	522	399	79
68	1	69	0.818518	755	222	23,	739	239	22
69	1	70	1.469265	708	259	33,	686	283	31
70	1	71	6.362499	695	279	26,	660	295	45
71	1	72	2.504437	354	473	173,	336	464	200
72	1	73	0.942397	719	265	16,	714	264	22
73	1	74	0.662703	369	472	159,	383	469	148
74	1	75	1.558260	796	188	16,	814	175	11
75	1	76	3.608030	594	353	53,	555	394	51
76	1	77	3.213418	799	195	6,	778	209	13
77	1	78	4.003343	348	514	138,	363	474	163
78	1	79	3.012604	938	61	1,	918	81	1
79	1	80	0.214729	308	493	199,	316	483	201
80	1	81	0.375083	306	511	183,	295	524	181
81	1	82	0.317051	866	126	8,	871	123	6
82	1	83	8.000701	303	496	201,	344	433	223
83	1	84	0.638422	691	279	30,	703	272	25
84	1	85	1.208203	816	171	13,	816	176	8
85	1	86	0.364299	824	167	9,	834	158	8
86	1	87	5.445243	509	402	89,	561	361	78
87	1	88	2.203866	811	181	8,	833	157	10
88	1	89	1.395337	495	417	88,	521	398	81
89	1	90	0.348173	384	464	152,	394	462	144
90	1	91	1.201892	338	485	177,	361	465	174
91	1	92	1.241701	700	278	22,	695	275	30
92	1	93	1.920647	281	520	199,	309	503	188
93	1	94	4.358029	737	245	18,	777	207	16
94	1	95	1.415936	385	475	140,	377	464	159
95	1	96	0.200386	649	309	42,	645	316	39
96	1	97	1.114080	464	430	106,	485	407	108
97	1	98	0.410430	545	391	64,	534	396	70
98	1	99	2.894942	368	462	170,	332	492	176
99	1	100	3.071396	281	501	218,	273	476	251
100	1	101	0.183186	269	487	244,	277	479	244
101	1	102	0.893800	324	500	176,	305	518	177
102	1	103	5.664855	224	521	255,	217	481	302
103	1	104	1.701743	543	395	62,	572	370	58
104	1	105	0.791200	276	514	210,	291	495	214
105	1	106	0.303705	865	130	5,	859	137	4
106	1	107	2.850842	431	447	122,	468	414	118
107	1	108	0.257664	414	473	113,	407	484	109
108	1	109	4.435892	516	413	71,	507	396	97
109	1	110	0.869132	454	439	107,	441	459	100
110	1	111	0.976654	334	492	174,	347	470	183
111	1	112	1.175869	951	49	0,	961	39	0
112	1	113	0.260433	623	330	47,	634	320	46
113	1	114	0.684129	300	494	206,	287	494	219
114	1	115	9.987229	404	464	132,	471	424	105
115	1	116	1.803695	474	424	102,	490	425	85
116	1	117	0.039025	388	460	152,	388	457	155
117	1	118	0.867919	423	457	120,	442	437	121
118	1	119	0.248120	645	320	35,	647	322	31
119	1	120	2.353820	820	170	10,	809	186	5
120	1	121	4.564415	447	445	108,	487	427	86
121	1	122	1.572167	482	425	93,	508	398	94
122	1	123	1.007433	349	462	189,	360	468	172
123	1	124	2.119767	564	379	57,	558	369	73
124	1	125	1.062436	485	404	111,	490	413	97
125	1	126	0.584267	183	482	335,	170	491	339
126	1	127	0.011910	626	330	44,	625	330	45
127	1	128	1.568587	716	261	23,	738	237	25
128	1	129	0.382334	412	442	146,	421	442	137
129	1	130	1.103224	535	387	78,	558	370	72
130	1	131	2.727591	540	395	65,	562	362	76
131	1	132	1.556123	981	19	0,	988	12	0
132	1	133	0.941043	600	348	52,	579	368	53
133	1	134	0.495421	762	222	16,	750	235	15
134	1	135	0.149199	809	178	13,	809	176	15
135	1	136	7.173331	414	436	150,	448	441	111
136	1	137	0.260113	637	322	41,	643	313	44
137	1	138	0.386369	736	240	24,	727	251	22
138	1	139	1.077146	373	471	156,	391	448	161
139	1	140	2.518223	609	344	47,	628	315	57
140	1	141	0.651706	455	438	107,	473	424	103
141	1	142	3.504972	607	352	41,	582	360	58
142	1	143	0.359438	256	505	239,	247	518	235
143	1	144	4.695452	619	336	45,	660	308	32
144	1	145	4.521508	238	513	249,	273	469	258
145	1	146	5.504906	259	495	246,	220	499	281
146	1	147	0.245361	427	457	116,	419	468	113
147	1	148	2.089686	411	462	127,	443	437	120
148	1	149	10.710664	430	469	101,	494	397	109
149	1	150	2.079759	616	340	44,	643	322	35
150	1	151	0.521918	612	341	47,	597	352	51
151	1	152	2.268972	247	512	241,	253	481	266
152	1	153	0.739979	221	484	295,	227	465	308
153	1	154	2.777935	308	485	207,	289	522	189
154	1	155	2.591432	712	254	34,	707	270	23
155	1	156	0.200547	231	478	291,	233	485	282
156	1	157	2.942074	816	175	9,	787	205	8
157	1	158	2.466792	467	437	96,	438	449	113
158	1	159	3.536611	385	450	165,	355	492	153
159	1	160	0.641861	739	237	24,	725	247	28
160	1	161	0.274229	507	411	82,	496	418	86
161	1	162	0.020347	614	344	42,	611	347	42
162	1	163	0.147688	623	328	49,	630	320	50
163	1	164	1.464241	437	461	102,	429	452	119
164	1	165	3.012331	329	467	204,	296	502	202
165	1	166	5.025248	180	524	296,	196	474	330
166	1	167	1.291754	149	478	373,	132	481	387
167	1	168	3.580086	295	495	210,	276	479	245
168	1	169	0.963853	276	486	238,	257	495	248
169	1	170	0.973075	479	428	93,	501	409	90
170	1	171	1.911505	312	489	199,	339	478	183
171	1	172	0.905917	328	506	166,	334	487	179
172	1	173	1.932860	609	348	43,	638	319	43
173	1	174	4.481676	373	458	169,	356	501	143
174	1	175	0.178919	747	233	20,	740	238	22
175	1	176	0.662499	577	361	62,	574	355	71
176	1	177	1.588931	349	484	167,	370	456	174
177	1	178	1.027355	349	481	170,	355	461	184
178	1	179	7.683918	612	354	34,	624	319	57
179	1	180	0.225355	349	477	174,	359	471	170
180	1	181	1.522935	188	475	337,	209	470	321
181	1	182	1.715079	291	505	204,	269	508	223
182	1	183	0.279551	679	294	27,	690	284	26
183	1	184	1.100615	568	353	79,	571	362	67
184	1	185	2.627811	424	461	115,	446	426	128
185	1	186	5.566388	300	521	179,	322	470	208
186	1	187	0.499003	498	424	78,	510	419	71
187	1	188	2.775994	923	76	1,	902	97	1
188	1	189	0.902264	712	264	24,	706	263	31
189	1	190	0.124432	670	294	36,	676	287	37
190	1	191	1.046873	980	20	0,	986	14	0
191	1	192	0.747997	986	14	0,	981	19	0
192	1	193	2.522902	514	414	72,	496	413	91
193	1	194	6.557242	609	363	28,	613	338	49
194	1	195	6.219233	860	133	7,	862	138	0
195	1	196	0.135382	740	244	16,	733	250	17
196	1	197	0.612378	523	411	66,	511	415	74
197	1	198	1.625951	627	333	40,	653	313	34
198	1	199	0.023132	347	494	159,	346	497	157
199	1	200	3.057337	641	319	40,	654	320	26
200	2	201	1.103467	785	207	8,	797	192	11
201	2	202	4.163338	367	486	147,	334	490	176
202	2	203	0.291893	186	498	316,	185	488	327
203	2	204	0.663975	547	380	73,	535	383	82
204	2	205	2.919557	484	433	83,	485	411	104
205	2	206	1.413558	585	345	70,	592	351	57
206	2	207	0.437242	925	75	0,	917	83	0
207	2	208	6.097167	472	438	90,	460	416	124
208	2	209	8.703774	429	452	119,	411	424	165
209	2	210	1.893107	522	408	70,	492	430	78
210	2	211	0.683676	481	423	96,	499	406	95
211	2	212	2.192137	348	488	164,	372	455	173
212	2	213	4.570509	502	398	100,	529	397	74
213	2	214	2.241723	422	444	134,	431	457	112
214	2	215	4.182305	558	386	56,	587	345	68
215	2	216	1.428076	854	141	5,	865	133	2
216	2	217	7.407949	418	465	117,	471	439	90
217	2	218	2.770992	444	462	94,	474	425	101
218	2	219	0.482335	473	428	99,	480	430	90
219	2	220	0.234715	857	136	7,	864	130	6
220	2	221	3.386013	517	412	71,	558	376	66
221	2	222	2.739472	627	332	41,	662	303	35
222	2	223	0.883945	495	434	71,	493	425	82
223	2	224	2.021111	301	507	192,	327	499	174
224	2	225	0.029474	725	252	23,	726	250	24
225	2	226	0.131089	566	367	67,	568	369	63
226	2	227	0.596899	467	429	104,	468	438	94
227	2	228	4.200961	689	276	35,	720	258	22
228	2	229	2.068229	221	502	277,	245	499	256
229	2	230	0.067337	824	167	9,	821	169	10
230	2	231	1.044639	904	93	3,	912	83	5
231	2	232	1.821423	845	151	4,	866	130	4
232	2	233	0.035500	570	367	63,	572	367	61
233	2	234	0.779617	571	370	59,	576	374	50
234	2	235	0.292218	451	433	116,	439	442	119
235	2	236	0.511595	923	75	2,	915	82	3
236	2	237	1.988970	808	184	8,	792	194	14
237	2	238	0.002254	468	421	111,	469	420	111
238	2	239	3.087900	885	114	1,	907	91	2
239	2	240	0.705944	961	39	0,	968	32	0
240	2	241	2.538640	568	373	59,	557	366	77
241	2	242	0.780790	626	339	35,	614	344	42
242	2	243	3.435549	646	322	32,	606	357	37
243	2	244	4.998407	484	414	102,	491	435	74
244	2	245	0.498988	317	504	179,	331	490	179
245	2	246	0.025281	592	354	54,	590	357	53
246	2	247	0.493705	436	446	118,	434	457	109
247	2	248	1.329576	654	304	42,	639	325	36
248	2	249	3.409624	882	117	1,	870	124	6
249	2	250	0.310971	382	481	137,	393	469	138
250	2	251	3.730049	401	441	158,	377	483	140
251	2	252	1.739979	665	303	32,	646	312	42
252	2	253	7.448431	240	535	225,	223	499	278
253	2	254	0.466790	452	430	118,	465	415	120
254	2	255	0.044803	777	207	16,	774	209	17
255	2	256	0.753984	904	93	3,	915	82	3
256	2	257	5.357430	641	320	39,	601	342	57
257	2	258	0.171674	267	506	227,	259	513	228
258	2	259	1.255834	368	488	144,	390	464	146
259	2	260	1.655152	772	217	11,	752	232	16
260	2	261	0.057908	652	309	39,	649	310	41
261	2	262	3.003032	305	461	234,	292	498	210
262	2	263	0.242577	665	307	28,	669	300	31
263	2	264	0.197363	669	296	35,	660	303	37
264	2	265	0.533527	517	406	77,	531	390	79
265	2	266	2.685814	457	421	122,	485	413	102
266	2	267	1.166969	969	31	0,	960	40	0
267	2	268	0.474417	958	42	0,	964	36	0
268	2	269	2.725226	407	472	121,	413	444	143
269	2	270	2.426261	248	495	257,	231	482	287
270	2	271	1.611144	524	388	88,	511	412	77
271	2	272	1.079972	399	467	134,	418	444	138
272	2	273	0.997902	307	519	174,	311	500	189
273	2	274	0.041072	592	351	57,	592	353	55
274	2	275	1.205498	222	508	270,	217	491	292
275	2	276	2.254370	684	295	21,	712	265	23
276	2	277	0.864880	562	375	63,	562	365	73
277	2	278	2.827394	320	502	178,	293	504	203
278	2	279	2.993657	318	497	185,	285	510	205
279	2	280	13.725945	309	510	181,	388	451	161
280	2	281	0.922234	607	343	50,	626	330	44
281	2	282	4.880099	689	279	32,	710	273	17
282	2	283	4.666516	654	298	48,	646	323	31
283	2	284	2.147642	504	416	80,	511	393	96
284	2	285	1.437513	354	480	166,	362	456	182
285	2	286	7.265012	633	309	58,	624	341	35
286	2	287	0.921059	418	450	132,	416	465	119
287	2	288	1.089667	388	463	149,	379	455	166
288	2	289	2.897249	292	515	193,	313	477	210
289	2	290	1.479457	722	254	24,	702	267	31
290	2	291	1.436315	808	179	13,	827	159	14
291	2	292	0.035302	493	418	89,	489	422	89
292	2	293	2.342851	689	283	28,	672	288	40
293	2	294	2.054277	304	503	193,	325	471	204
294	2	295	3.025891	466	449	85,	456	436	108
295	2	296	1.529083	943	56	1,	933	67	0
296	2	297	0.920253	463	426	111,	444	447	109
297	2	298	0.293616	460	436	104,	470	424	106
298	2	299	0.251711	266	504	230,	275	494	231
299	2	300	0.127487	808	182	10,	804	187	9
