      0 4.825422
      1 2.485765
      2 1.422012
      3 7.872690
      4 0.871897
      5 4.205666
      6 0.061464
      7 0.453707
      8 0.514915
      9 3.535488
     10 2.044849
     11 2.957412
     12 2.424575
     13 0.307994
     14 0.243800
     15 1.483911
     16 0.135650
     17 1.248921
     18 4.636209
     19 0.603645
     20 2.551493
     21 6.545548
     22 0.283200
     23 0.441560
     24 2.570475
     25 1.533360
     26 2.305913
     27 1.081065
     28 4.098849
     29 4.499585
     30 0.422058
     31 2.899642
     32 0.700155
     33 0.278623
     34 1.573321
     35 0.221250
     36 0.660988
     37 3.060037
     38 0.019387
     39 1.128342
     40 0.848255
     41 6.161862
     42 1.570073
     43 0.158257
     44 0.349994
     45 4.184965
     46 0.132879
     47 2.390209
     48 6.151999
     49 0.529381
     50 0.242371
     51 0.760367
     52 1.311366
     53 0.341942
     54 2.415144
     55 0.511048
     56 0.550726
     57 3.246629
     58 2.336880
     59 0.530688
     60 1.229740
     61 0.250550
     62 1.924874
     63 0.614291
     64 2.267603
     65 0.637915
     66 2.330098
     67 0.521626
     68 3.276157
     69 2.408551
     70 0.626837
     71 2.088305
     72 2.408928
     73 0.297530
     74 0.388664
     75 3.230239
     76 2.904437
     77 0.101879
     78 4.120058
     79 1.442891
     80 2.814502
     81 3.538084
     82 2.912754
     83 3.802692
     84 4.970480
     85 0.299460
     86 0.843271
     87 0.274027
     88 0.080925
     89 5.448908
     90 1.584128
     91 0.484817
     92 0.298087
     93 0.308130
     94 3.097435
     95 2.332907
     96 0.391768
     97 0.058182
     98 0.469924
     99 5.240931
    100 0.940451
    101 3.130414
    102 0.873557
    103 8.881213
    104 0.672539
    105 0.638821
    106 0.274252
    107 5.944863
    108 1.146156
    109 1.213673
    110 7.753706
    111 0.124635
    112 1.448165
    113 0.145075
    114 1.292064
    115 0.562315
    116 0.301996
    117 1.933187
    118 0.965688
    119 3.052217
    120 0.154944
    121 4.281760
    122 2.068797
    123 1.691348
    124 2.595876
    125 0.851137
    126 0.302984
    127 1.053869
    128 4.362710
    129 1.986459
    130 6.699407
    131 2.556764
    132 0.758079
    133 2.316631
    134 0.021633
    135 4.578059
    136 1.762878
    137 2.564502
    138 0.651851
    139 0.055828
    140 2.411846
    141 0.767291
    142 2.845552
    143 0.153273
    144 3.022758
    145 1.095670
    146 0.659033
    147 0.555050
    148 10.007611
    149 0.638991
    150 3.243173
    151 1.133838
    152 0.034036
    153 0.277776
    154 0.712129
    155 5.006750
    156 3.797617
    157 1.396294
    158 0.238930
    159 2.558464
    160 0.896048
    161 0.511618
    162 0.601101
    163 3.340833
    164 0.453833
    165 1.933303
    166 2.795056
    167 1.092067
    168 1.479860
    169 0.283934
    170 1.427145
    171 5.723193
    172 4.072385
    173 1.868131
    174 3.199959
    175 0.112532
    176 0.128700
    177 10.671709
    178 3.754787
    179 0.045515
    180 2.879773
    181 3.032597
    182 0.177250
    183 0.040513
    184 3.214588
    185 1.096874
    186 1.221987
    187 1.335132
    188 6.393321
    189 4.954773
    190 2.182527
    191 5.856131
    192 3.733304
    193 1.375284
    194 1.191305
    195 3.057190
    196 0.901348
    197 2.362983
    198 8.212702
    199 0.352208
    200 0.358743
    201 0.308705
    202 6.195543
    203 0.106939
    204 7.085735
    205 2.713428
    206 0.414476
    207 0.597811
    208 1.442493
    209 1.010082
    210 0.772021
    211 0.472463
    212 2.040740
    213 0.251276
    214 1.218261
    215 0.830775
    216 1.478419
    217 0.253037
    218 0.748978
    219 1.280065
    220 1.959680
    221 2.207143
    222 0.473786
    223 1.193051
    224 5.082760
    225 0.491240
    226 2.645601
    227 3.096381
    228 6.909267
    229 1.397678
    230 0.765121
    231 2.496172
    232 1.121417
    233 3.462246
    234 1.292808
    235 4.049675
    236 2.776739
    237 2.104954
    238 0.941580
    239 0.085991
    240 2.629563
    241 0.943496
    242 1.099817
    243 0.010957
    244 2.029464
    245 3.372482
    246 1.021485
    247 0.375618
    248 0.315470
    249 0.052691
    250 0.318843
    251 1.290535
    252 0.365211
    253 2.450994
    254 1.457171
    255 0.305495
    256 1.088250
    257 2.154789
    258 1.368948
    259 0.591621
    260 0.138765
    261 1.902065
    262 0.727922
    263 2.447601
    264 3.440828
    265 7.022440
    266 1.094641
    267 1.371235
    268 0.637013
    269 1.625308
    270 1.741327
    271 2.668597
    272 0.212324
    273 0.073110
    274 0.068405
    275 0.008554
    276 1.156763
    277 2.178707
    278 0.630973
    279 1.996005
    280 0.041599
    281 6.810914
    282 0.617817
    283 3.011774
    284 1.045801
    285 6.011954
    286 1.783315
    287 0.338388
    288 0.122943
    289 0.146331
    290 1.973539
    291 0.793919
    292 1.481419
    293 7.315762
    294 1.215883
    295 0.427520
    296 1.215670
    297 0.015281
    298 0.189987
    299 1.134302
    300 0.337236
    301 1.127255
    302 4.496637
    303 1.152950
    304 1.585190
    305 0.423692
    306 4.085572
    307 5.964478
    308 0.298840
    309 0.955764
    310 1.263194
    311 0.518706
    312 0.610453
    313 1.155112
    314 0.204359
    315 0.520157
    316 0.153970
    317 1.543136
    318 0.424569
    319 3.750305
    320 1.121444
    321 0.124245
    322 1.839949
    323 2.030738
    324 1.433377
    325 1.462772
    326 1.248749
    327 3.828185
    328 1.834161
    329 0.128826
    330 1.298338
    331 1.183795
    332 0.681134
    333 0.331403
    334 1.946472
    335 1.876595
    336 0.377604
    337 0.117554
    338 0.130596
    339 2.088202
    340 0.114313
    341 0.828292
    342 1.812051
    343 1.100093
    344 0.535575
    345 1.951440
    346 4.975537
    347 0.659434
    348 1.521265
    349 3.174977
    350 8.150032
    351 4.434094
    352 3.917664
    353 0.058650
    354 2.968975
    355 5.367526
    356 2.618010
    357 0.328605
    358 2.289922
    359 0.987903
    360 0.796155
    361 0.895785
    362 3.378940
    363 0.607012
    364 5.671321
    365 5.514464
    366 2.433361
    367 1.530912
    368 3.784976
    369 0.139202
    370 1.225654
    371 5.197842
    372 0.217473
    373 3.248270
    374 1.573026
    375 0.389271
    376 0.137583
    377 0.771520
    378 2.712028
    379 0.185213
    380 2.200161
    381 2.636335
    382 0.099271
    383 0.284869
    384 2.636386
    385 2.293481
    386 2.314803
    387 0.099290
    388 1.816597
    389 2.373322
    390 0.728664
    391 1.925503
    392 2.291294
    393 3.755040
    394 4.334749
    395 1.017859
    396 0.079045
    397 1.706128
    398 0.416718
    399 0.820235
    400 0.578316
    401 0.998513
    402 3.824803
    403 1.402777
    404 4.506209
    405 5.237462
    406 1.617999
    407 1.043544
    408 0.886103
    409 0.622038
    410 3.843828
    411 1.717974
    412 3.837904
    413 0.437939
    414 1.764049
    415 0.478872
    416 1.826217
    417 1.560764
    418 0.308903
    419 1.839270
    420 8.508473
    421 2.233174
    422 0.218062
    423 1.244735
    424 2.967271
    425 6.245784
    426 1.888976
    427 2.657557
    428 5.663053
    429 1.753032
    430 1.037443
    431 3.363363
    432 1.138683
    433 0.762810
    434 5.619635
    435 0.567968
    436 3.590309
    437 0.507193
    438 0.220453
    439 1.594081
    440 2.763922
    441 2.539361
    442 0.689525
    443 5.406791
    444 0.575880
    445 0.950694
    446 1.448053
    447 3.973102
    448 0.872259
    449 0.167009
    450 0.155933
    451 3.510878
    452 0.182138
    453 0.975173
    454 5.976624
    455 0.427783
    456 2.633549
    457 1.768844
    458 1.168187
    459 0.196222
    460 0.439743
    461 2.185493
    462 1.141288
    463 0.113572
    464 0.230237
    465 0.204646
    466 0.112905
    467 2.687317
    468 0.311356
    469 0.708529
    470 1.539306
    471 1.767118
    472 4.551299
    473 1.326476
    474 5.262809
    475 0.604420
    476 0.942876
    477 2.224757
    478 0.819777
    479 1.940338
    480 2.454980
    481 0.046096
    482 0.089209
    483 5.315888
    484 1.346067
    485 1.042502
    486 1.804565
    487 0.003762
    488 0.253163
    489 0.505723
    490 0.397988
    491 3.124435
    492 1.805285
    493 0.929612
    494 2.691442
    495 0.119695
    496 2.680493
    497 5.686011
    498 2.621172
    499 2.313818
    500 0.005312
    501 0.655819
    502 0.925661
    503 0.715151
    504 1.034446
    505 0.169077
    506 2.071604
    507 5.028290
    508 0.868025
    509 1.413239
    510 1.613067
    511 0.191623
    512 0.524075
    513 2.028431
    514 0.945930
    515 0.732958
    516 1.308708
    517 0.126918
    518 1.636929
    519 0.633502
    520 2.461458
    521 4.275625
    522 1.203943
    523 0.386597
    524 1.026236
    525 1.605232
    526 2.778826
    527 0.520148
    528 1.925669
    529 2.055941
    530 1.800045
    531 2.886859
    532 0.313441
    533 0.427786
    534 3.206559
    535 2.396952
    536 0.367199
    537 1.706501
    538 0.628651
    539 1.335131
    540 2.922497
    541 0.852737
    542 0.675400
    543 0.751030
    544 4.379054
    545 3.716097
    546 0.589486
    547 0.027585
    548 1.673144
    549 0.146938
    550 7.117773
    551 3.037607
    552 0.075712
    553 3.683633
    554 0.992612
    555 2.941965
    556 1.357666
    557 1.670585
    558 1.929077
    559 0.894817
    560 1.168987
    561 2.616485
    562 5.932971
    563 1.586413
    564 0.230348
    565 0.464753
    566 0.997949
    567 2.834374
    568 1.971265
    569 4.125571
    570 1.861154
    571 0.114535
    572 2.016411
    573 2.807133
    574 0.024504
    575 3.806272
    576 2.712633
    577 0.492255
    578 1.502342
    579 3.000413
    580 1.030528
    581 0.820311
    582 2.928389
    583 1.936500
    584 0.589961
    585 9.194021
    586 1.572454
    587 1.403950
    588 1.101295
    589 1.538347
    590 0.864122
    591 0.023026
    592 1.912466
    593 0.502150
    594 1.259289
    595 4.411793
    596 5.342315
    597 0.450218
    598 0.380764
    599 2.234247
    600 0.930796
    601 21.617235
    602 1.539579
    603 2.334530
    604 6.957643
    605 0.238721
    606 0.920951
    607 0.821139
    608 2.657466
    609 1.542147
    610 0.001169
    611 1.866494
    612 1.237658
    613 0.445860
    614 2.353764
    615 2.653645
    616 1.843806
    617 2.334436
    618 2.734182
    619 0.486952
    620 0.912036
    621 3.213345
    622 0.253530
    623 0.619877
    624 0.987942
    625 1.255563
    626 0.602751
    627 0.708934
    628 1.356114
    629 0.403990
    630 1.772046
    631 2.337737
    632 0.156735
    633 0.949395
    634 2.875166
    635 2.246436
    636 3.169295
    637 1.630136
    638 2.118180
    639 2.881562
    640 0.092990
    641 0.514576
    642 3.729269
    643 1.621561
    644 2.712952
    645 0.315567
    646 1.012723
    647 4.264057
    648 0.817865
    649 1.359144
    650 0.568568
    651 0.559698
    652 1.998652
    653 1.885977
    654 4.453236
    655 3.672594
    656 3.364559
    657 2.565606
    658 1.215178
    659 3.431993
    660 3.201243
    661 1.467517
    662 2.248425
    663 0.772017
    664 3.866097
    665 1.109678
    666 0.042128
    667 4.967901
    668 1.230795
    669 1.324414
    670 4.302734
    671 4.530718
    672 1.042417
    673 0.049657
    674 4.000126
    675 1.886203
    676 0.549730
    677 5.228056
    678 2.663679
    679 0.211136
    680 1.497903
    681 0.967615
    682 1.105597
    683 2.169599
    684 0.027061
    685 4.253550
    686 1.545644
    687 3.070725
    688 0.184800
    689 0.429804
    690 3.610435
    691 0.213202
    692 2.019083
    693 0.019919
    694 2.698650
    695 2.344799
    696 3.073547
    697 0.857634
    698 4.604216
    699 1.689143
    700 7.835717
    701 14.219482
    702 0.790440
    703 1.695170
    704 2.111823
    705 0.304745
    706 2.403689
    707 1.659695
    708 0.159925
    709 1.031096
    710 3.324892
    711 2.915921
    712 2.217898
    713 0.619067
    714 1.138829
    715 3.555586
    716 1.491579
    717 0.004147
    718 0.626024
    719 1.813832
    720 0.769556
    721 1.230427
    722 0.375873
    723 1.528935
    724 0.492339
    725 3.128491
    726 4.849312
    727 2.000775
    728 4.826540
    729 5.275542
    730 0.891691
    731 1.490415
    732 2.827840
    733 2.132342
    734 2.343853
    735 5.093851
    736 3.971604
    737 5.819004
    738 0.652314
    739 0.251857
    740 5.619322
    741 2.407534
    742 0.900366
    743 6.516906
    744 1.165926
    745 7.276557
    746 3.105028
    747 2.661935
    748 3.031866
    749 0.385326
    750 0.696592
    751 2.337079
    752 2.223459
    753 0.126808
    754 3.873993
    755 5.972048
    756 4.052541
    757 2.540793
    758 2.876434
    759 1.431493
    760 0.089753
    761 9.385589
    762 2.336175
    763 2.551507
    764 5.638025
    765 1.840310
    766 1.970121
    767 0.257338
    768 0.683401
    769 3.044469
    770 0.033287
    771 0.881686
    772 2.646178
    773 2.002663
    774 2.665250
    775 1.428244
    776 2.588242
    777 3.135966
    778 4.698093
    779 0.966451
    780 0.394980
    781 6.449403
    782 2.055292
    783 1.080054
    784 0.253318
    785 4.351946
    786 2.845630
    787 2.321089
    788 2.642421
    789 1.056758
    790 0.834345
    791 0.533846
    792 4.715998
    793 3.577317
    794 0.916730
    795 4.990851
    796 1.256148
    797 0.776150
    798 1.853893
    799 0.664894
    800 0.158972
    801 2.645946
    802 0.006763
    803 0.605775
    804 0.483108
    805 0.258893
    806 0.675381
    807 5.054202
    808 0.614473
    809 3.058730
    810 1.270513
    811 0.025720
    812 0.255148
    813 0.140597
    814 1.033915
    815 0.044635
    816 0.772600
    817 1.468962
    818 3.886862
    819 2.422826
    820 0.172707
    821 2.821075
    822 0.940470
    823 7.860824
    824 1.144050
    825 4.982462
    826 2.375222
    827 2.039037
    828 0.905400
    829 1.549964
    830 0.144614
    831 0.240861
    832 4.765303
    833 0.856720
    834 1.351651
    835 0.324318
    836 0.233735
    837 1.223542
    838 0.279631
    839 0.627826
    840 0.349485
    841 2.028811
    842 2.708941
    843 2.823671
    844 2.401740
    845 0.145141
    846 0.785504
    847 3.878664
    848 0.378774
    849 0.395942
    850 1.059820
    851 0.030013
    852 2.704812
    853 1.159897
    854 0.926217
    855 0.009394
    856 1.516419
    857 0.502676
    858 2.239840
    859 1.641004
    860 1.225650
    861 9.800872
    862 0.183641
    863 1.065022
    864 0.823063
    865 2.413508
    866 2.626899
    867 7.086164
    868 1.510661
    869 2.197044
    870 0.589921
    871 4.367350
    872 5.824710
    873 2.862407
    874 1.795845
    875 1.154073
    876 1.836350
    877 0.057321
    878 2.018320
    879 0.443704
    880 0.746607
    881 0.396641
    882 3.627524
    883 0.796498
    884 0.842389
    885 4.428487
    886 0.346301
    887 4.105436
    888 1.230068
    889 0.689244
    890 2.319649
    891 3.345635
    892 0.916746
    893 0.403376
    894 2.427357
    895 0.762922
    896 2.677785
    897 2.789113
    898 1.650985
    899 0.828143
    900 0.984458
    901 3.018052
    902 1.085358
    903 0.004816
    904 0.026368
    905 0.131097
    906 1.062671
    907 1.281974
    908 0.101373
    909 4.486951
    910 4.510871
    911 0.676240
    912 7.688749
    913 1.391334
    914 2.787139
    915 0.146772
    916 8.126254
    917 0.446462
    918 0.907358
    919 2.023466
    920 0.918539
    921 0.180152
    922 2.485922
    923 1.351886
    924 1.861463
    925 4.171368
    926 3.065848
    927 0.303535
    928 0.126124
    929 0.119234
    930 1.966806
    931 0.198342
    932 2.348479
    933 8.309383
    934 0.673336
    935 4.514733
    936 2.691704
    937 2.038482
    938 1.442706
    939 1.885792
    940 1.720631
    941 3.825235
    942 4.120724
    943 2.979370
    944 9.088408
    945 0.690774
    946 0.642274
    947 3.760962
    948 1.161341
    949 0.232956
    950 0.159430
    951 2.985336
    952 0.689703
    953 0.242421
    954 7.292018
    955 2.166484
    956 0.453528
    957 5.436959
    958 1.181174
    959 2.997618
    960 3.860172
    961 0.235673
    962 2.951749
    963 1.523890
    964 7.934122
    965 2.296858
    966 2.614246
    967 0.910712
    968 0.880998
    969 4.057382
    970 0.923784
    971 0.584326
    972 0.992007
    973 1.656785
    974 0.722003
    975 5.544079
    976 3.549032
    977 1.266131
    978 2.528314
    979 0.767916
    980 0.194286
    981 0.751180
    982 0.735996
    983 0.196823
    984 2.611894
    985 2.340285
    986 2.668382
    987 0.165370
    988 2.910142
    989 4.471440
    990 0.470436
    991 0.341992
    992 2.633373
    993 0.261850
    994 0.674828
    995 5.951393
    996 1.057129
    997 2.526491
    998 0.206697
    999 0.712280
